0 2256.34 2428.8 7849.56 1469.45 5084.09 7258.26 2336.09 2625.19 2286.94 6259.59 1632.58 7956.38 5901.46 5618.95 1940.2 10366.9 6576.8 1013.1 5227.05 
2256.34 0 3374.82 5596.54 3643.4 2956.16 6352.37 2590.33 448.983 4459.94 4074.53 2471.87 5716.12 5622.87 4615.05 3851.94 8303.81 5481.36 1826.74 4246.18 
2428.8 3374.82 0 8411.33 3288 5136.72 5423.75 972.055 3450.33 3863.4 7233.43 950.264 8640.39 3718.85 4046.79 4039.57 9841.29 4972.84 1769.31 3697.19 
7849.56 5596.54 8411.33 0 9178.74 3360.54 7642.35 7442.66 5270.88 9972.32 1928.73 7731.39 462.65 8476.84 6570.93 9224.57 4516.96 6722.22 7320.1 6488.26 
1469.45 3643.4 3288 9178.74 0 6536.56 8527.24 3545.43 4044.6 821.368 7492.48 2785.93 9249.29 6986.48 6952.55 801.843 11834.6 7912.95 2412.79 6564 
5084.09 2956.16 5136.72 3360.54 6536.56 0 4974.79 4165.5 2518.84 7358.53 2824.81 4564.96 3667.49 5308.2 3526.49 6803.67 5347.13 3988.08 4329.31 3341.77 
7258.26 6352.37 5423.75 7642.35 8527.24 4974.79 0 4981.76 5999.95 9211.24 7754.16 5741.02 8072.95 2091.19 1736.44 9170.79 6275.28 986.864 6249.02 2112.63 
2336.09 2590.33 972.055 7442.66 3545.43 4165.5 4981.76 0 2588.49 4246.39 6303.3 759.919 7676.94 3570.29 3432.6 4201.21 8952.74 4390.48 1391.25 3053.33 
2625.19 448.983 3450.33 5270.88 4044.6 2518.84 5999.95 2588.49 0 4865.32 3843.8 2601.61 5417.31 5385.59 4267.25 4284.84 7862.61 5109.14 2062.45 3907.48 
2286.94 4459.94 3863.4 9972.32 821.368 7358.53 9211.24 4246.39 4865.32 0 8260.11 3489.52 10032.3 7582.18 7676.38 971.846 12654.3 8635.74 3202.49 7292.83 
6259.59 4074.53 7233.43 1928.73 7492.48 2824.81 7754.16 6303.3 3843.8 8260.11 0 6435.13 1833.18 8104.93 6352.71 7456.45 6141.54 6771.38 5890.05 6159.2 
1632.58 2471.87 950.264 7731.39 2785.93 4564.96 5741.02 759.919 2601.61 3489.52 6435.13 0 7927.92 4278.29 4186.82 3451.59 9546.48 5145.37 826.16 3804.14 
7956.38 5716.12 8640.39 462.65 9249.29 3667.49 8072.95 7676.94 5417.31 10032.3 1833.18 7927.92 0 8854.17 6961.75 9255.61 4914 7144.16 7477.8 6863.8 
5901.46 5622.87 3718.85 8476.84 6986.48 5308.2 2091.19 3570.29 5385.59 7582.18 8104.93 4278.29 8854.17 0 1935.32 7705.56 8040.12 2257.25 4956.42 1989.65 
5618.95 4615.05 4046.79 6570.93 6952.55 3526.49 1736.44 3432.6 4267.25 7676.38 6352.71 4186.82 6961.75 1935.32 0 7553.07 6297.76 960.046 4605.86 392.757 
1940.2 3851.94 4039.57 9224.57 801.843 6803.67 9170.79 4201.21 4284.84 971.846 7456.45 3451.59 9255.61 7705.56 7553.07 0 12144.5 8511.28 2950.4 7160.72 
10366.9 8303.81 9841.29 4516.96 11834.6 5347.13 6275.28 8952.74 7862.61 12654.3 6141.54 9546.48 4914 8040.12 6297.76 12144.5 0 5784.35 9514.82 6487.49 
6576.8 5481.36 4972.84 6722.22 7912.95 3988.08 986.864 4390.48 5109.14 8635.74 6771.38 5145.37 7144.16 2257.25 960.046 8511.28 5784.35 0 5563.49 1350.71 
1013.1 1826.74 1769.31 7320.1 2412.79 4329.31 6249.02 1391.25 2062.45 3202.49 5890.05 826.16 7477.8 4956.42 4605.86 2950.4 9514.82 5563.49 0 4212.71 
5227.05 4246.18 3697.19 6488.26 6564 3341.77 2112.63 3053.33 3907.48 7292.83 6159.2 3804.14 6863.8 1989.65 392.757 7160.72 6487.49 1350.71 4212.71 0 
